gen,offload_GA,offload_DE,offload_BITFLIP,offload_RESAMPLE,seq_GA,seq_SWAP,seq_VNS,seq_RESAMPLE,dev_DE,dev_GDE,dev_LEVY,dev_RESAMPLE,overall_GA,overall_DE,overall_GDE,overall_BITFLIP,overall_SWAP,overall_VNS,overall_LEVY,overall_RESAMPLE
50,0.21,0.535,0.255,0,0.2275,0.485,0.2775,0.01,0.23,0.535,0.22,0.015,0.145833,0.255,0.178333,0.085,0.161667,0.0925,0.0733333,0.00833333
100,0.2525,0.4925,0.25,0.005,0.255,0.485,0.255,0.005,0.2775,0.4425,0.26,0.02,0.169167,0.256667,0.1475,0.0833333,0.161667,0.085,0.0866667,0.01
150,0.24,0.5075,0.2525,0,0.2575,0.46,0.22,0.0625,0.2575,0.4575,0.27,0.015,0.165833,0.255,0.1525,0.0841667,0.153333,0.0733333,0.09,0.0258333
200,0.215,0.4675,0.27,0.0475,0.2325,0.47,0.2775,0.02,0.2625,0.4125,0.255,0.07,0.149167,0.243333,0.1375,0.09,0.156667,0.0925,0.085,0.0458333
250,0.285,0.44,0.27,0.005,0.2625,0.4675,0.2475,0.0225,0.25,0.46,0.27,0.02,0.1825,0.23,0.153333,0.09,0.155833,0.0825,0.09,0.0158333
300,0.2475,0.5175,0.235,0,0.23,0.5075,0.2575,0.005,0.225,0.5275,0.2475,0,0.159167,0.2475,0.175833,0.0783333,0.169167,0.0858333,0.0825,0.00166667
350,0.28,0.5125,0.2075,0,0.2525,0.5025,0.245,0,0.2475,0.5225,0.2275,0.0025,0.1775,0.253333,0.174167,0.0691667,0.1675,0.0816667,0.0758333,0.000833333
400,0.2125,0.545,0.2425,0,0.28,0.465,0.23,0.025,0.22,0.5125,0.265,0.0025,0.164167,0.255,0.170833,0.0808333,0.155,0.0766667,0.0883333,0.00916667
450,0.235,0.525,0.24,0,0.25,0.4975,0.25,0.0025,0.2375,0.4975,0.265,0,0.161667,0.254167,0.165833,0.08,0.165833,0.0833333,0.0883333,0.000833333
500,0.28,0.4725,0.2475,0,0.2125,0.52,0.2325,0.035,0.2375,0.5575,0.195,0.01,0.164167,0.236667,0.185833,0.0825,0.173333,0.0775,0.065,0.015
550,0.2675,0.5225,0.21,0,0.265,0.44,0.2675,0.0275,0.285,0.4425,0.2725,0,0.1775,0.269167,0.1475,0.07,0.146667,0.0891667,0.0908333,0.00916667
600,0.2225,0.4875,0.29,0,0.255,0.4875,0.23,0.0275,0.2275,0.5425,0.2275,0.0025,0.159167,0.238333,0.180833,0.0966667,0.1625,0.0766667,0.0758333,0.01
650,0.275,0.5075,0.2175,0,0.265,0.4775,0.2575,0,0.2525,0.5275,0.2075,0.0125,0.18,0.253333,0.175833,0.0725,0.159167,0.0858333,0.0691667,0.00416667
700,0.26,0.4725,0.2675,0,0.275,0.4375,0.2775,0.01,0.24,0.485,0.25,0.025,0.178333,0.2375,0.161667,0.0891667,0.145833,0.0925,0.0833333,0.0116667
750,0.2275,0.5125,0.26,0,0.2475,0.5025,0.25,0,0.2325,0.465,0.3,0.0025,0.158333,0.248333,0.155,0.0866667,0.1675,0.0833333,0.1,0.000833333
800,0.22,0.5325,0.2475,0,0.2825,0.465,0.25,0.0025,0.2825,0.4575,0.26,0,0.1675,0.271667,0.1525,0.0825,0.155,0.0833333,0.0866667,0.000833333
850,0.225,0.515,0.26,0,0.2475,0.5,0.2375,0.015,0.2625,0.5075,0.23,0,0.1575,0.259167,0.169167,0.0866667,0.166667,0.0791667,0.0766667,0.005
900,0.2425,0.5225,0.235,0,0.2325,0.46,0.2775,0.03,0.2425,0.51,0.2475,0,0.158333,0.255,0.17,0.0783333,0.153333,0.0925,0.0825,0.01
950,0.2675,0.495,0.2375,0,0.24,0.4575,0.2725,0.03,0.22,0.485,0.295,0,0.169167,0.238333,0.161667,0.0791667,0.1525,0.0908333,0.0983333,0.01
1000,0.235,0.515,0.25,0,0.25,0.49,0.23,0.03,0.2525,0.47,0.2775,0,0.161667,0.255833,0.156667,0.0833333,0.163333,0.0766667,0.0925,0.01
1050,0.2575,0.505,0.2375,0,0.255,0.5025,0.2225,0.02,0.275,0.5175,0.205,0.0025,0.170833,0.26,0.1725,0.0791667,0.1675,0.0741667,0.0683333,0.0075
1100,0.26,0.465,0.275,0,0.24,0.4725,0.255,0.0325,0.205,0.53,0.2475,0.0175,0.166667,0.223333,0.176667,0.0916667,0.1575,0.085,0.0825,0.0166667
1150,0.2725,0.4125,0.2825,0.0325,0.255,0.4775,0.2,0.0675,0.245,0.5,0.245,0.01,0.175833,0.219167,0.166667,0.0941667,0.159167,0.0666667,0.0816667,0.0366667
1200,0.2475,0.5225,0.23,0,0.235,0.5075,0.23,0.0275,0.2425,0.515,0.2425,0,0.160833,0.255,0.171667,0.0766667,0.169167,0.0766667,0.0808333,0.00916667
1250,0.2675,0.49,0.2425,0,0.265,0.4575,0.245,0.0325,0.2725,0.46,0.2575,0.01,0.1775,0.254167,0.153333,0.0808333,0.1525,0.0816667,0.0858333,0.0141667
1300,0.26,0.4325,0.2625,0.045,0.25,0.4325,0.2175,0.1,0.2325,0.49,0.24,0.0375,0.17,0.221667,0.163333,0.0875,0.144167,0.0725,0.08,0.0608333
1350,0.22,0.51,0.27,0,0.26,0.48,0.2325,0.0275,0.2125,0.5075,0.2625,0.0175,0.16,0.240833,0.169167,0.09,0.16,0.0775,0.0875,0.015
1400,0.2775,0.495,0.2275,0,0.2475,0.545,0.205,0.0025,0.2525,0.4925,0.2525,0.0025,0.175,0.249167,0.164167,0.0758333,0.181667,0.0683333,0.0841667,0.00166667
1450,0.2325,0.5125,0.255,0,0.24,0.5,0.235,0.025,0.2525,0.4875,0.26,0,0.1575,0.255,0.1625,0.085,0.166667,0.0783333,0.0866667,0.00833333
1500,0.245,0.51,0.245,0,0.285,0.46,0.245,0.01,0.2475,0.505,0.2475,0,0.176667,0.2525,0.168333,0.0816667,0.153333,0.0816667,0.0825,0.00333333
1550,0.2075,0.5525,0.24,0,0.21,0.54,0.2425,0.0075,0.27,0.51,0.22,0,0.139167,0.274167,0.17,0.08,0.18,0.0808333,0.0733333,0.0025
1600,0.2775,0.51,0.2125,0,0.2625,0.4625,0.24,0.035,0.235,0.53,0.235,0,0.18,0.248333,0.176667,0.0708333,0.154167,0.08,0.0783333,0.0116667
1650,0.2325,0.475,0.2925,0,0.23,0.455,0.29,0.025,0.2325,0.5,0.2675,0,0.154167,0.235833,0.166667,0.0975,0.151667,0.0966667,0.0891667,0.00833333
1700,0.2425,0.5575,0.2,0,0.285,0.48,0.2325,0.0025,0.265,0.485,0.25,0,0.175833,0.274167,0.161667,0.0666667,0.16,0.0775,0.0833333,0.000833333
1750,0.2275,0.545,0.2275,0,0.275,0.4375,0.2625,0.025,0.2425,0.4825,0.2675,0.0075,0.1675,0.2625,0.160833,0.0758333,0.145833,0.0875,0.0891667,0.0108333
1800,0.235,0.5475,0.2175,0,0.25,0.4575,0.25,0.0425,0.2425,0.4975,0.25,0.01,0.161667,0.263333,0.165833,0.0725,0.1525,0.0833333,0.0833333,0.0175
1850,0.24,0.4975,0.2625,0,0.2275,0.4975,0.245,0.03,0.245,0.5,0.245,0.01,0.155833,0.2475,0.166667,0.0875,0.165833,0.0816667,0.0816667,0.0133333
1900,0.22,0.51,0.27,0,0.24,0.52,0.205,0.035,0.2175,0.52,0.24,0.0225,0.153333,0.2425,0.173333,0.09,0.173333,0.0683333,0.08,0.0191667
1950,0.24,0.5,0.26,0,0.2225,0.4725,0.2275,0.0775,0.2725,0.445,0.2575,0.025,0.154167,0.2575,0.148333,0.0866667,0.1575,0.0758333,0.0858333,0.0341667
2000,0.2525,0.455,0.2525,0.04,0.265,0.3175,0.2725,0.145,0.255,0.4275,0.25,0.0675,0.1725,0.236667,0.1425,0.0841667,0.105833,0.0908333,0.0833333,0.0841667
2050,0.2225,0.4975,0.28,0,0.2625,0.4425,0.2275,0.0675,0.2475,0.525,0.225,0.0025,0.161667,0.248333,0.175,0.0933333,0.1475,0.0758333,0.075,0.0233333
2100,0.2275,0.5125,0.2575,0.0025,0.29,0.415,0.255,0.04,0.2425,0.4725,0.2775,0.0075,0.1725,0.251667,0.1575,0.0858333,0.138333,0.085,0.0925,0.0166667
2150,0.2425,0.49,0.25,0.0175,0.2225,0.355,0.2975,0.125,0.2525,0.505,0.235,0.0075,0.155,0.2475,0.168333,0.0833333,0.118333,0.0991667,0.0783333,0.05
2200,0.2325,0.5275,0.24,0,0.2325,0.4375,0.27,0.06,0.2625,0.4625,0.275,0,0.155,0.263333,0.154167,0.08,0.145833,0.09,0.0916667,0.02
2250,0.2475,0.475,0.265,0.0125,0.26,0.2725,0.2875,0.18,0.25,0.435,0.26,0.055,0.169167,0.241667,0.145,0.0883333,0.0908333,0.0958333,0.0866667,0.0825
2300,0.2225,0.56,0.2125,0.005,0.275,0.3625,0.2325,0.13,0.255,0.4525,0.24,0.0525,0.165833,0.271667,0.150833,0.0708333,0.120833,0.0775,0.08,0.0625
2350,0.265,0.4775,0.2475,0.01,0.2675,0.4025,0.24,0.09,0.22,0.5125,0.225,0.0425,0.1775,0.2325,0.170833,0.0825,0.134167,0.08,0.075,0.0475
2400,0.2425,0.4675,0.245,0.045,0.265,0.2775,0.255,0.2025,0.2525,0.4,0.2675,0.08,0.169167,0.24,0.133333,0.0816667,0.0925,0.085,0.0891667,0.109167
2450,0.2475,0.41,0.2675,0.075,0.2625,0.275,0.285,0.1775,0.2225,0.45,0.29,0.0375,0.17,0.210833,0.15,0.0891667,0.0916667,0.095,0.0966667,0.0966667
2500,0.315,0.4475,0.2225,0.015,0.2725,0.3825,0.2425,0.1025,0.23,0.4375,0.245,0.0875,0.195833,0.225833,0.145833,0.0741667,0.1275,0.0808333,0.0816667,0.0683333
2550,0.235,0.46,0.28,0.025,0.2475,0.4625,0.2625,0.0275,0.24,0.465,0.2925,0.0025,0.160833,0.233333,0.155,0.0933333,0.154167,0.0875,0.0975,0.0183333
2600,0.2825,0.445,0.2575,0.015,0.23,0.4425,0.245,0.0825,0.2375,0.48,0.2675,0.015,0.170833,0.2275,0.16,0.0858333,0.1475,0.0816667,0.0891667,0.0375
2650,0.2475,0.4675,0.2425,0.0425,0.2325,0.33,0.2475,0.19,0.215,0.4425,0.2325,0.11,0.16,0.2275,0.1475,0.0808333,0.11,0.0825,0.0775,0.114167
2700,0.2325,0.52,0.225,0.0225,0.3025,0.3475,0.2675,0.0825,0.25,0.46,0.2525,0.0375,0.178333,0.256667,0.153333,0.075,0.115833,0.0891667,0.0841667,0.0475
2750,0.255,0.4525,0.2775,0.015,0.2775,0.305,0.2875,0.13,0.235,0.4675,0.2625,0.035,0.1775,0.229167,0.155833,0.0925,0.101667,0.0958333,0.0875,0.06
2800,0.255,0.42,0.24,0.085,0.2675,0.3475,0.2575,0.1275,0.2375,0.4275,0.255,0.08,0.174167,0.219167,0.1425,0.08,0.115833,0.0858333,0.085,0.0975
2850,0.25,0.325,0.29,0.135,0.2375,0.265,0.27,0.2275,0.24,0.3875,0.23,0.1425,0.1625,0.188333,0.129167,0.0966667,0.0883333,0.09,0.0766667,0.168333
2900,0.275,0.49,0.235,0,0.2375,0.46,0.245,0.0575,0.265,0.52,0.2,0.015,0.170833,0.251667,0.173333,0.0783333,0.153333,0.0816667,0.0666667,0.0241667
2950,0.2475,0.52,0.2325,0,0.2875,0.4125,0.25,0.05,0.26,0.465,0.26,0.015,0.178333,0.26,0.155,0.0775,0.1375,0.0833333,0.0866667,0.0216667
3000,0.2275,0.4025,0.2775,0.0925,0.2175,0.4525,0.22,0.11,0.2175,0.4925,0.2725,0.0175,0.148333,0.206667,0.164167,0.0925,0.150833,0.0733333,0.0908333,0.0733333
3050,0.215,0.45,0.2725,0.0625,0.2475,0.4125,0.22,0.12,0.265,0.4525,0.255,0.0275,0.154167,0.238333,0.150833,0.0908333,0.1375,0.0733333,0.085,0.07
3100,0.2675,0.4425,0.265,0.025,0.23,0.3875,0.265,0.1175,0.2075,0.545,0.2425,0.005,0.165833,0.216667,0.181667,0.0883333,0.129167,0.0883333,0.0808333,0.0491667
3150,0.2425,0.4725,0.25,0.035,0.27,0.3475,0.27,0.1125,0.2425,0.445,0.26,0.0525,0.170833,0.238333,0.148333,0.0833333,0.115833,0.09,0.0866667,0.0666667
3200,0.2075,0.4425,0.2575,0.0925,0.29,0.325,0.2225,0.1625,0.2725,0.38,0.2375,0.11,0.165833,0.238333,0.126667,0.0858333,0.108333,0.0741667,0.0791667,0.121667
3250,0.285,0.4,0.21,0.105,0.23,0.2975,0.2375,0.235,0.26,0.3925,0.22,0.1275,0.171667,0.22,0.130833,0.07,0.0991667,0.0791667,0.0733333,0.155833
3300,0.2525,0.48,0.2675,0,0.2325,0.46,0.265,0.0425,0.2725,0.47,0.255,0.0025,0.161667,0.250833,0.156667,0.0891667,0.153333,0.0883333,0.085,0.015
3350,0.2625,0.395,0.2625,0.08,0.27,0.3425,0.2525,0.135,0.245,0.3875,0.235,0.1325,0.1775,0.213333,0.129167,0.0875,0.114167,0.0841667,0.0783333,0.115833
3400,0.2525,0.395,0.265,0.0875,0.28,0.335,0.25,0.135,0.27,0.375,0.2575,0.0975,0.1775,0.221667,0.125,0.0883333,0.111667,0.0833333,0.0858333,0.106667
3450,0.245,0.48,0.24,0.035,0.2625,0.345,0.2475,0.145,0.2675,0.435,0.2225,0.075,0.169167,0.249167,0.145,0.08,0.115,0.0825,0.0741667,0.085
3500,0.2425,0.425,0.255,0.0775,0.25,0.295,0.2725,0.1825,0.2575,0.4525,0.2275,0.0625,0.164167,0.2275,0.150833,0.085,0.0983333,0.0908333,0.0758333,0.1075
3550,0.27,0.46,0.235,0.035,0.25,0.325,0.255,0.17,0.23,0.405,0.2475,0.1175,0.173333,0.23,0.135,0.0783333,0.108333,0.085,0.0825,0.1075
3600,0.21,0.5075,0.24,0.0425,0.24,0.2925,0.2325,0.235,0.27,0.44,0.215,0.075,0.15,0.259167,0.146667,0.08,0.0975,0.0775,0.0716667,0.1175
3650,0.2325,0.49,0.2575,0.02,0.2625,0.3475,0.2525,0.1375,0.255,0.515,0.2275,0.0025,0.165,0.248333,0.171667,0.0858333,0.115833,0.0841667,0.0758333,0.0533333
3700,0.26,0.38,0.2575,0.1025,0.23,0.3575,0.2475,0.165,0.255,0.425,0.26,0.06,0.163333,0.211667,0.141667,0.0858333,0.119167,0.0825,0.0866667,0.109167
3750,0.2325,0.47,0.2125,0.085,0.2375,0.315,0.2425,0.205,0.2625,0.385,0.2575,0.095,0.156667,0.244167,0.128333,0.0708333,0.105,0.0808333,0.0858333,0.128333
3800,0.235,0.445,0.2725,0.0475,0.25,0.2975,0.27,0.1825,0.2525,0.45,0.21,0.0875,0.161667,0.2325,0.15,0.0908333,0.0991667,0.09,0.07,0.105833
3850,0.2525,0.46,0.285,0.0025,0.24,0.4225,0.2425,0.095,0.235,0.485,0.2475,0.0325,0.164167,0.231667,0.161667,0.095,0.140833,0.0808333,0.0825,0.0433333
3900,0.2325,0.46,0.2675,0.04,0.21,0.4125,0.28,0.0975,0.2875,0.4025,0.2775,0.0325,0.1475,0.249167,0.134167,0.0891667,0.1375,0.0933333,0.0925,0.0566667
3950,0.23,0.5,0.2375,0.0325,0.225,0.435,0.215,0.125,0.235,0.4225,0.3025,0.04,0.151667,0.245,0.140833,0.0791667,0.145,0.0716667,0.100833,0.0658333
4000,0.255,0.4425,0.25,0.0525,0.25,0.3725,0.245,0.1325,0.2825,0.44,0.2375,0.04,0.168333,0.241667,0.146667,0.0833333,0.124167,0.0816667,0.0791667,0.075
4050,0.2675,0.4625,0.27,0,0.265,0.39,0.24,0.105,0.27,0.4425,0.2825,0.005,0.1775,0.244167,0.1475,0.09,0.13,0.08,0.0941667,0.0366667
4100,0.2525,0.48,0.2425,0.025,0.2425,0.425,0.2825,0.05,0.21,0.4625,0.2825,0.045,0.165,0.23,0.154167,0.0808333,0.141667,0.0941667,0.0941667,0.04
4150,0.2925,0.43,0.25,0.0275,0.265,0.27,0.25,0.215,0.27,0.4875,0.21,0.0325,0.185833,0.233333,0.1625,0.0833333,0.09,0.0833333,0.07,0.0916667
4200,0.2175,0.39,0.25,0.1425,0.2225,0.3025,0.265,0.21,0.28,0.38,0.2575,0.0825,0.146667,0.223333,0.126667,0.0833333,0.100833,0.0883333,0.0858333,0.145
4250,0.2475,0.3875,0.26,0.105,0.2775,0.2625,0.235,0.225,0.2825,0.325,0.28,0.1125,0.175,0.223333,0.108333,0.0866667,0.0875,0.0783333,0.0933333,0.1475
4300,0.26,0.36,0.2325,0.1475,0.2375,0.2775,0.25,0.235,0.2475,0.3825,0.2325,0.1375,0.165833,0.2025,0.1275,0.0775,0.0925,0.0833333,0.0775,0.173333
4350,0.2275,0.405,0.265,0.1025,0.2075,0.32,0.2525,0.22,0.2375,0.4625,0.2125,0.0875,0.145,0.214167,0.154167,0.0883333,0.106667,0.0841667,0.0708333,0.136667
4400,0.3,0.4125,0.25,0.0375,0.265,0.395,0.2375,0.1025,0.265,0.4675,0.245,0.0225,0.188333,0.225833,0.155833,0.0833333,0.131667,0.0791667,0.0816667,0.0541667
4450,0.2325,0.3975,0.295,0.075,0.255,0.315,0.2725,0.1575,0.2625,0.4675,0.225,0.045,0.1625,0.22,0.155833,0.0983333,0.105,0.0908333,0.075,0.0925
4500,0.275,0.4325,0.2425,0.05,0.3075,0.3175,0.2025,0.1725,0.2375,0.43,0.29,0.0425,0.194167,0.223333,0.143333,0.0808333,0.105833,0.0675,0.0966667,0.0883333
4550,0.2175,0.4825,0.26,0.04,0.265,0.33,0.2225,0.1825,0.27,0.415,0.265,0.05,0.160833,0.250833,0.138333,0.0866667,0.11,0.0741667,0.0883333,0.0908333
4600,0.245,0.4825,0.2275,0.045,0.265,0.305,0.2325,0.1975,0.2375,0.46,0.2575,0.045,0.17,0.24,0.153333,0.0758333,0.101667,0.0775,0.0858333,0.0958333
4650,0.2275,0.4475,0.2125,0.1125,0.285,0.2825,0.2625,0.17,0.2725,0.3875,0.26,0.08,0.170833,0.24,0.129167,0.0708333,0.0941667,0.0875,0.0866667,0.120833
4700,0.2475,0.37,0.25,0.1325,0.295,0.27,0.2325,0.2025,0.2475,0.4325,0.2375,0.0825,0.180833,0.205833,0.144167,0.0833333,0.09,0.0775,0.0791667,0.139167
4750,0.2425,0.5125,0.2275,0.0175,0.2875,0.315,0.245,0.1525,0.255,0.495,0.2275,0.0225,0.176667,0.255833,0.165,0.0758333,0.105,0.0816667,0.0758333,0.0641667
4800,0.285,0.4375,0.245,0.0325,0.1975,0.3675,0.25,0.185,0.255,0.4675,0.23,0.0475,0.160833,0.230833,0.155833,0.0816667,0.1225,0.0833333,0.0766667,0.0883333
4850,0.28,0.4475,0.2175,0.055,0.2525,0.3375,0.2425,0.1675,0.2175,0.4825,0.2475,0.0525,0.1775,0.221667,0.160833,0.0725,0.1125,0.0808333,0.0825,0.0916667
4900,0.2425,0.3575,0.28,0.12,0.25,0.29,0.215,0.245,0.215,0.415,0.2575,0.1125,0.164167,0.190833,0.138333,0.0933333,0.0966667,0.0716667,0.0858333,0.159167
4950,0.245,0.4775,0.2575,0.02,0.2275,0.3525,0.26,0.16,0.24,0.4825,0.23,0.0475,0.1575,0.239167,0.160833,0.0858333,0.1175,0.0866667,0.0766667,0.0758333
5000,0.2675,0.4625,0.23,0.04,0.3225,0.325,0.235,0.1175,0.2375,0.455,0.255,0.0525,0.196667,0.233333,0.151667,0.0766667,0.108333,0.0783333,0.085,0.07
5050,0.225,0.42,0.275,0.08,0.2625,0.32,0.2275,0.19,0.2375,0.4425,0.26,0.06,0.1625,0.219167,0.1475,0.0916667,0.106667,0.0758333,0.0866667,0.11
5100,0.2825,0.4675,0.2475,0.0025,0.27,0.4375,0.2125,0.08,0.2525,0.4675,0.265,0.015,0.184167,0.24,0.155833,0.0825,0.145833,0.0708333,0.0883333,0.0325
5150,0.2325,0.49,0.2625,0.015,0.26,0.2825,0.2475,0.21,0.31,0.4425,0.24,0.0075,0.164167,0.266667,0.1475,0.0875,0.0941667,0.0825,0.08,0.0775
5200,0.2475,0.385,0.2625,0.105,0.2275,0.345,0.2475,0.18,0.2175,0.3875,0.2675,0.1275,0.158333,0.200833,0.129167,0.0875,0.115,0.0825,0.0891667,0.1375
5250,0.23,0.3575,0.245,0.1675,0.235,0.2525,0.2475,0.265,0.245,0.31,0.2425,0.2025,0.155,0.200833,0.103333,0.0816667,0.0841667,0.0825,0.0808333,0.211667
5300,0.2775,0.39,0.21,0.1225,0.2625,0.325,0.24,0.1725,0.2575,0.395,0.225,0.1225,0.18,0.215833,0.131667,0.07,0.108333,0.08,0.075,0.139167
5350,0.2625,0.3825,0.2125,0.1425,0.2375,0.3325,0.2525,0.1775,0.255,0.33,0.25,0.165,0.166667,0.2125,0.11,0.0708333,0.110833,0.0841667,0.0833333,0.161667
5400,0.205,0.3975,0.27,0.1275,0.3,0.25,0.245,0.205,0.2475,0.3925,0.235,0.125,0.168333,0.215,0.130833,0.09,0.0833333,0.0816667,0.0783333,0.1525
5450,0.23,0.4325,0.245,0.0925,0.215,0.39,0.2875,0.1075,0.27,0.42,0.235,0.075,0.148333,0.234167,0.14,0.0816667,0.13,0.0958333,0.0783333,0.0916667
5500,0.2425,0.365,0.285,0.1075,0.275,0.42,0.2,0.105,0.27,0.345,0.24,0.145,0.1725,0.211667,0.115,0.095,0.14,0.0666667,0.08,0.119167
5550,0.2475,0.35,0.2875,0.115,0.25,0.3225,0.26,0.1675,0.26,0.3675,0.2425,0.13,0.165833,0.203333,0.1225,0.0958333,0.1075,0.0866667,0.0808333,0.1375
5600,0.2475,0.3825,0.2475,0.1225,0.285,0.23,0.255,0.23,0.27,0.39,0.255,0.085,0.1775,0.2175,0.13,0.0825,0.0766667,0.085,0.085,0.145833
5650,0.275,0.3475,0.2675,0.11,0.3125,0.2375,0.255,0.195,0.265,0.405,0.2275,0.1025,0.195833,0.204167,0.135,0.0891667,0.0791667,0.085,0.0758333,0.135833
5700,0.28,0.3825,0.2475,0.09,0.275,0.3225,0.26,0.1425,0.225,0.46,0.255,0.06,0.185,0.2025,0.153333,0.0825,0.1075,0.0866667,0.085,0.0975
5750,0.23,0.4325,0.2775,0.06,0.22,0.4475,0.2425,0.09,0.3075,0.405,0.2225,0.065,0.15,0.246667,0.135,0.0925,0.149167,0.0808333,0.0741667,0.0716667
5800,0.2975,0.4125,0.2175,0.0725,0.27,0.39,0.2225,0.1175,0.2225,0.4525,0.2825,0.0425,0.189167,0.211667,0.150833,0.0725,0.13,0.0741667,0.0941667,0.0775
5850,0.2625,0.3825,0.2775,0.0775,0.2375,0.3575,0.235,0.17,0.23,0.3975,0.275,0.0975,0.166667,0.204167,0.1325,0.0925,0.119167,0.0783333,0.0916667,0.115
5900,0.2375,0.32,0.2675,0.175,0.2725,0.2925,0.2275,0.2075,0.285,0.2975,0.22,0.1975,0.17,0.201667,0.0991667,0.0891667,0.0975,0.0758333,0.0733333,0.193333
5950,0.2325,0.3125,0.27,0.185,0.23,0.2875,0.25,0.2325,0.24,0.375,0.255,0.13,0.154167,0.184167,0.125,0.09,0.0958333,0.0833333,0.085,0.1825
6000,0.24,0.4275,0.2725,0.06,0.2775,0.2975,0.2525,0.1725,0.2825,0.44,0.24,0.0375,0.1725,0.236667,0.146667,0.0908333,0.0991667,0.0841667,0.08,0.09
6050,0.2,0.425,0.2975,0.0775,0.2475,0.255,0.29,0.2075,0.23,0.385,0.27,0.115,0.149167,0.218333,0.128333,0.0991667,0.085,0.0966667,0.09,0.133333
6100,0.2525,0.375,0.26,0.1125,0.2475,0.275,0.2625,0.215,0.2725,0.395,0.25,0.0825,0.166667,0.215833,0.131667,0.0866667,0.0916667,0.0875,0.0833333,0.136667
6150,0.255,0.4625,0.25,0.0325,0.2225,0.335,0.2825,0.16,0.26,0.45,0.26,0.03,0.159167,0.240833,0.15,0.0833333,0.111667,0.0941667,0.0866667,0.0741667
6200,0.235,0.3525,0.23,0.1825,0.2675,0.3275,0.22,0.185,0.2475,0.33,0.2425,0.18,0.1675,0.2,0.11,0.0766667,0.109167,0.0733333,0.0808333,0.1825
6250,0.24,0.32,0.28,0.16,0.26,0.2725,0.2225,0.245,0.2575,0.37,0.2675,0.105,0.166667,0.1925,0.123333,0.0933333,0.0908333,0.0741667,0.0891667,0.17
6300,0.27,0.4025,0.2475,0.08,0.2675,0.2675,0.26,0.205,0.2525,0.3925,0.255,0.1,0.179167,0.218333,0.130833,0.0825,0.0891667,0.0866667,0.085,0.128333
6350,0.255,0.42,0.23,0.095,0.2725,0.2625,0.27,0.195,0.2625,0.37,0.27,0.0975,0.175833,0.2275,0.123333,0.0766667,0.0875,0.09,0.09,0.129167
6400,0.2325,0.4325,0.2525,0.0825,0.2325,0.34,0.27,0.1575,0.2175,0.42,0.255,0.1075,0.155,0.216667,0.14,0.0841667,0.113333,0.09,0.085,0.115833
6450,0.25,0.3375,0.2775,0.135,0.27,0.2675,0.2425,0.22,0.235,0.35,0.245,0.17,0.173333,0.190833,0.116667,0.0925,0.0891667,0.0808333,0.0816667,0.175
6500,0.235,0.235,0.2625,0.2675,0.2675,0.2425,0.25,0.24,0.225,0.2275,0.28,0.2675,0.1675,0.153333,0.0758333,0.0875,0.0808333,0.0833333,0.0933333,0.258333
6550,0.2575,0.3075,0.25,0.185,0.275,0.2375,0.25,0.2375,0.225,0.3475,0.2575,0.17,0.1775,0.1775,0.115833,0.0833333,0.0791667,0.0833333,0.0858333,0.1975
6600,0.2575,0.3825,0.24,0.12,0.285,0.2425,0.2675,0.205,0.2425,0.385,0.2525,0.12,0.180833,0.208333,0.128333,0.08,0.0808333,0.0891667,0.0841667,0.148333
6650,0.235,0.26,0.24,0.265,0.2275,0.25,0.2975,0.225,0.21,0.265,0.275,0.25,0.154167,0.156667,0.0883333,0.08,0.0833333,0.0991667,0.0916667,0.246667
6700,0.245,0.41,0.2325,0.1125,0.25,0.37,0.2175,0.1625,0.215,0.43,0.23,0.125,0.165,0.208333,0.143333,0.0775,0.123333,0.0725,0.0766667,0.133333
6750,0.2525,0.41,0.2425,0.095,0.2525,0.295,0.2475,0.205,0.255,0.4,0.265,0.08,0.168333,0.221667,0.133333,0.0808333,0.0983333,0.0825,0.0883333,0.126667
6800,0.2625,0.3625,0.24,0.135,0.2425,0.2725,0.26,0.225,0.265,0.3725,0.24,0.1225,0.168333,0.209167,0.124167,0.08,0.0908333,0.0866667,0.08,0.160833
6850,0.25,0.3,0.2775,0.1725,0.265,0.2675,0.2475,0.22,0.2725,0.2675,0.28,0.18,0.171667,0.190833,0.0891667,0.0925,0.0891667,0.0825,0.0933333,0.190833
6900,0.23,0.4,0.2675,0.1025,0.2475,0.33,0.26,0.1625,0.28,0.35,0.23,0.14,0.159167,0.226667,0.116667,0.0891667,0.11,0.0866667,0.0766667,0.135
6950,0.2575,0.3025,0.2425,0.1975,0.24,0.2625,0.265,0.2325,0.235,0.3225,0.2825,0.16,0.165833,0.179167,0.1075,0.0808333,0.0875,0.0883333,0.0941667,0.196667
7000,0.22,0.375,0.2775,0.1275,0.2875,0.2575,0.245,0.21,0.2575,0.3775,0.2525,0.1125,0.169167,0.210833,0.125833,0.0925,0.0858333,0.0816667,0.0841667,0.15
7050,0.2675,0.33,0.275,0.1275,0.275,0.305,0.235,0.185,0.265,0.37,0.26,0.105,0.180833,0.198333,0.123333,0.0916667,0.101667,0.0783333,0.0866667,0.139167
7100,0.26,0.455,0.24,0.045,0.21,0.3,0.28,0.21,0.25,0.4425,0.2375,0.07,0.156667,0.235,0.1475,0.08,0.1,0.0933333,0.0791667,0.108333
7150,0.2475,0.51,0.225,0.0175,0.2325,0.3375,0.265,0.165,0.1875,0.4275,0.27,0.115,0.16,0.2325,0.1425,0.075,0.1125,0.0883333,0.09,0.0991667
7200,0.2525,0.29,0.295,0.1625,0.245,0.25,0.275,0.23,0.275,0.33,0.22,0.175,0.165833,0.188333,0.11,0.0983333,0.0833333,0.0916667,0.0733333,0.189167
7250,0.245,0.4675,0.235,0.0525,0.275,0.3425,0.2,0.1825,0.245,0.39,0.2675,0.0975,0.173333,0.2375,0.13,0.0783333,0.114167,0.0666667,0.0891667,0.110833
7300,0.2625,0.3375,0.3225,0.0775,0.24,0.3,0.265,0.195,0.2525,0.4125,0.2325,0.1025,0.1675,0.196667,0.1375,0.1075,0.1,0.0883333,0.0775,0.125
7350,0.2175,0.44,0.25,0.0925,0.24,0.3,0.2425,0.2175,0.2375,0.4825,0.235,0.045,0.1525,0.225833,0.160833,0.0833333,0.1,0.0808333,0.0783333,0.118333
7400,0.27,0.36,0.27,0.1,0.275,0.3175,0.2475,0.16,0.2675,0.3675,0.27,0.095,0.181667,0.209167,0.1225,0.09,0.105833,0.0825,0.09,0.118333
7450,0.2375,0.445,0.2675,0.05,0.26,0.29,0.27,0.18,0.255,0.415,0.27,0.06,0.165833,0.233333,0.138333,0.0891667,0.0966667,0.09,0.09,0.0966667
7500,0.23,0.35,0.245,0.175,0.23,0.275,0.2525,0.2425,0.255,0.37,0.2325,0.1425,0.153333,0.201667,0.123333,0.0816667,0.0916667,0.0841667,0.0775,0.186667
7550,0.215,0.5075,0.2575,0.02,0.2625,0.355,0.2425,0.14,0.2425,0.4725,0.2225,0.0625,0.159167,0.25,0.1575,0.0858333,0.118333,0.0808333,0.0741667,0.0741667
7600,0.2575,0.5175,0.2125,0.0125,0.215,0.355,0.28,0.15,0.2375,0.49,0.24,0.0325,0.1575,0.251667,0.163333,0.0708333,0.118333,0.0933333,0.08,0.065
7650,0.2525,0.42,0.2625,0.065,0.24,0.3,0.225,0.235,0.2675,0.4,0.265,0.0675,0.164167,0.229167,0.133333,0.0875,0.1,0.075,0.0883333,0.1225
7700,0.245,0.295,0.2425,0.2175,0.23,0.2575,0.28,0.2325,0.2375,0.2675,0.27,0.225,0.158333,0.1775,0.0891667,0.0808333,0.0858333,0.0933333,0.09,0.225
7750,0.235,0.3825,0.245,0.1375,0.2525,0.26,0.3175,0.17,0.2625,0.3225,0.265,0.15,0.1625,0.215,0.1075,0.0816667,0.0866667,0.105833,0.0883333,0.1525
7800,0.2325,0.4125,0.245,0.11,0.255,0.29,0.2625,0.1925,0.26,0.37,0.2375,0.1325,0.1625,0.224167,0.123333,0.0816667,0.0966667,0.0875,0.0791667,0.145
7850,0.2125,0.4625,0.245,0.08,0.2425,0.3275,0.23,0.2,0.2775,0.41,0.255,0.0575,0.151667,0.246667,0.136667,0.0816667,0.109167,0.0766667,0.085,0.1125
7900,0.245,0.345,0.245,0.165,0.26,0.3175,0.245,0.1775,0.2425,0.305,0.2475,0.205,0.168333,0.195833,0.101667,0.0816667,0.105833,0.0816667,0.0825,0.1825
7950,0.255,0.385,0.2275,0.1325,0.2225,0.35,0.275,0.1525,0.2325,0.45,0.26,0.0575,0.159167,0.205833,0.15,0.0758333,0.116667,0.0916667,0.0866667,0.114167
8000,0.2675,0.3575,0.2975,0.0775,0.25,0.2675,0.2725,0.21,0.2325,0.4275,0.2575,0.0825,0.1725,0.196667,0.1425,0.0991667,0.0891667,0.0908333,0.0858333,0.123333
8050,0.2325,0.335,0.2575,0.175,0.215,0.31,0.2575,0.2175,0.255,0.305,0.235,0.205,0.149167,0.196667,0.101667,0.0858333,0.103333,0.0858333,0.0783333,0.199167
8100,0.2475,0.37,0.25,0.1325,0.26,0.275,0.25,0.215,0.2525,0.3975,0.215,0.135,0.169167,0.2075,0.1325,0.0833333,0.0916667,0.0833333,0.0716667,0.160833
8150,0.255,0.445,0.22,0.08,0.24,0.3175,0.25,0.1925,0.2825,0.3925,0.265,0.06,0.165,0.2425,0.130833,0.0733333,0.105833,0.0833333,0.0883333,0.110833
8200,0.24,0.4675,0.26,0.0325,0.2425,0.3525,0.275,0.13,0.2725,0.4525,0.24,0.035,0.160833,0.246667,0.150833,0.0866667,0.1175,0.0916667,0.08,0.0658333
8250,0.2225,0.42,0.2425,0.115,0.2175,0.3425,0.2525,0.1875,0.265,0.385,0.2375,0.1125,0.146667,0.228333,0.128333,0.0808333,0.114167,0.0841667,0.0791667,0.138333
8300,0.2725,0.38,0.2475,0.1,0.2125,0.34,0.2525,0.195,0.2525,0.4,0.235,0.1125,0.161667,0.210833,0.133333,0.0825,0.113333,0.0841667,0.0783333,0.135833
8350,0.2375,0.5,0.235,0.0275,0.2675,0.345,0.24,0.1475,0.225,0.4775,0.265,0.0325,0.168333,0.241667,0.159167,0.0783333,0.115,0.08,0.0883333,0.0691667
8400,0.2375,0.33,0.2975,0.135,0.2725,0.25,0.26,0.2175,0.235,0.3425,0.2675,0.155,0.17,0.188333,0.114167,0.0991667,0.0833333,0.0866667,0.0891667,0.169167
8450,0.245,0.31,0.2375,0.2075,0.2825,0.29,0.2275,0.2,0.2775,0.31,0.23,0.1825,0.175833,0.195833,0.103333,0.0791667,0.0966667,0.0758333,0.0766667,0.196667
8500,0.2575,0.475,0.225,0.0425,0.24,0.3125,0.2675,0.18,0.245,0.405,0.23,0.12,0.165833,0.24,0.135,0.075,0.104167,0.0891667,0.0766667,0.114167
8550,0.28,0.345,0.2325,0.1425,0.2475,0.2225,0.265,0.265,0.255,0.3775,0.2475,0.12,0.175833,0.2,0.125833,0.0775,0.0741667,0.0883333,0.0825,0.175833
8600,0.2425,0.43,0.2625,0.065,0.26,0.285,0.2225,0.2325,0.2475,0.42,0.255,0.0775,0.1675,0.225833,0.14,0.0875,0.095,0.0741667,0.085,0.125
8650,0.26,0.4225,0.245,0.0725,0.2125,0.305,0.2475,0.235,0.2225,0.3725,0.2575,0.1475,0.1575,0.215,0.124167,0.0816667,0.101667,0.0825,0.0858333,0.151667
8700,0.245,0.495,0.26,0,0.26,0.3325,0.2775,0.13,0.2775,0.4125,0.2425,0.0675,0.168333,0.2575,0.1375,0.0866667,0.110833,0.0925,0.0808333,0.0658333
8750,0.2475,0.24,0.2875,0.225,0.2875,0.23,0.2375,0.245,0.2575,0.2825,0.265,0.195,0.178333,0.165833,0.0941667,0.0958333,0.0766667,0.0791667,0.0883333,0.221667
8800,0.2425,0.41,0.245,0.1025,0.2575,0.2725,0.2675,0.2025,0.2225,0.45,0.2425,0.085,0.166667,0.210833,0.15,0.0816667,0.0908333,0.0891667,0.0808333,0.13
8850,0.26,0.425,0.215,0.1,0.2675,0.2975,0.2225,0.2125,0.25,0.4125,0.265,0.0725,0.175833,0.225,0.1375,0.0716667,0.0991667,0.0741667,0.0883333,0.128333
8900,0.2375,0.3325,0.255,0.175,0.235,0.3075,0.25,0.2075,0.29,0.2925,0.26,0.1575,0.1575,0.2075,0.0975,0.085,0.1025,0.0833333,0.0866667,0.18
8950,0.235,0.3575,0.28,0.1275,0.26,0.3325,0.2425,0.165,0.255,0.3825,0.25,0.1125,0.165,0.204167,0.1275,0.0933333,0.110833,0.0808333,0.0833333,0.135
9000,0.245,0.45,0.2625,0.0425,0.2725,0.355,0.2625,0.11,0.24,0.475,0.2375,0.0475,0.1725,0.23,0.158333,0.0875,0.118333,0.0875,0.0791667,0.0666667
9050,0.29,0.26,0.27,0.18,0.25,0.3025,0.2075,0.24,0.2825,0.3125,0.235,0.17,0.18,0.180833,0.104167,0.09,0.100833,0.0691667,0.0783333,0.196667
9100,0.235,0.26,0.26,0.245,0.265,0.25,0.235,0.25,0.28,0.2425,0.2525,0.225,0.166667,0.18,0.0808333,0.0866667,0.0833333,0.0783333,0.0841667,0.24
9150,0.2475,0.3925,0.2375,0.1225,0.255,0.3625,0.2525,0.13,0.245,0.42,0.2825,0.0525,0.1675,0.2125,0.14,0.0791667,0.120833,0.0841667,0.0941667,0.101667
9200,0.2675,0.5025,0.225,0.005,0.21,0.5,0.22,0.07,0.28,0.46,0.1925,0.0675,0.159167,0.260833,0.153333,0.075,0.166667,0.0733333,0.0641667,0.0475
9250,0.23,0.365,0.2475,0.1575,0.2825,0.2625,0.235,0.22,0.2475,0.3625,0.2625,0.1275,0.170833,0.204167,0.120833,0.0825,0.0875,0.0783333,0.0875,0.168333
9300,0.26,0.3,0.2575,0.1825,0.25,0.255,0.2225,0.2725,0.2375,0.315,0.3,0.1475,0.17,0.179167,0.105,0.0858333,0.085,0.0741667,0.1,0.200833
9350,0.2375,0.36,0.295,0.1075,0.235,0.35,0.265,0.15,0.2675,0.355,0.2575,0.12,0.1575,0.209167,0.118333,0.0983333,0.116667,0.0883333,0.0858333,0.125833
9400,0.25,0.345,0.24,0.165,0.2275,0.3225,0.25,0.2,0.25,0.36,0.225,0.165,0.159167,0.198333,0.12,0.08,0.1075,0.0833333,0.075,0.176667
9450,0.2225,0.395,0.27,0.1125,0.3125,0.2675,0.235,0.185,0.25,0.3825,0.245,0.1225,0.178333,0.215,0.1275,0.09,0.0891667,0.0783333,0.0816667,0.14
9500,0.2875,0.22,0.26,0.2325,0.225,0.255,0.255,0.265,0.2525,0.24,0.275,0.2325,0.170833,0.1575,0.08,0.0866667,0.085,0.085,0.0916667,0.243333
9550,0.3025,0.38,0.23,0.0875,0.2075,0.28,0.305,0.2075,0.23,0.42,0.255,0.095,0.17,0.203333,0.14,0.0766667,0.0933333,0.101667,0.085,0.13
9600,0.2575,0.31,0.2575,0.175,0.2325,0.2625,0.26,0.245,0.2375,0.3025,0.2475,0.2125,0.163333,0.1825,0.100833,0.0858333,0.0875,0.0866667,0.0825,0.210833
9650,0.285,0.4275,0.2425,0.045,0.265,0.2675,0.265,0.2025,0.2325,0.45,0.2575,0.06,0.183333,0.22,0.15,0.0808333,0.0891667,0.0883333,0.0858333,0.1025
9700,0.265,0.3575,0.24,0.1375,0.24,0.2825,0.28,0.1975,0.245,0.3225,0.265,0.1675,0.168333,0.200833,0.1075,0.08,0.0941667,0.0933333,0.0883333,0.1675
9750,0.265,0.31,0.2175,0.2075,0.225,0.24,0.2675,0.2675,0.2525,0.285,0.2525,0.21,0.163333,0.1875,0.095,0.0725,0.08,0.0891667,0.0841667,0.228333
9800,0.2625,0.2525,0.26,0.225,0.23,0.2325,0.265,0.2725,0.2125,0.27,0.25,0.2675,0.164167,0.155,0.09,0.0866667,0.0775,0.0883333,0.0833333,0.255
9850,0.2775,0.27,0.2375,0.215,0.2075,0.2675,0.2625,0.2625,0.2425,0.2825,0.25,0.225,0.161667,0.170833,0.0941667,0.0791667,0.0891667,0.0875,0.0833333,0.234167
9900,0.2675,0.48,0.2275,0.025,0.245,0.4325,0.2575,0.065,0.2725,0.48,0.2375,0.01,0.170833,0.250833,0.16,0.0758333,0.144167,0.0858333,0.0791667,0.0333333
9950,0.2175,0.3,0.2375,0.245,0.255,0.25,0.24,0.255,0.2225,0.2625,0.2625,0.2525,0.1575,0.174167,0.0875,0.0791667,0.0833333,0.08,0.0875,0.250833
10000,0.235,0.3975,0.2025,0.165,0.2225,0.255,0.315,0.2075,0.2175,0.3375,0.2625,0.1825,0.1525,0.205,0.1125,0.0675,0.085,0.105,0.0875,0.185
